Car 0.00 0 -1.57 595.50 177.15 657.31 227.34 1.36 1.69 3.38 0.45 1.51 21.55 -1.55 1
Car 0.00 0 -2.24 305.23 179.59 494.97 263.68 1.40 1.60 3.55 -4.10 1.55 13.75 -2.52 1
Car 0.00 2 -2.14 410.09 176.18 514.77 228.78 1.46 1.49 3.40 -4.55 1.58 21.82 -2.34 1
Car 0.00 2 -2.25 435.96 173.60 537.84 218.33 1.43 1.62 3.47 -4.31 1.48 24.83 -2.43 1
Car 0.00 2 -2.24 473.64 171.53 556.16 203.86 1.37 1.55 3.96 -4.36 1.34 32.49 -2.37 1
Car 0.00 1 -1.98 823.97 189.33 1083.14 327.79 1.41 1.61 3.71 4.16 1.66 9.53 -1.58 1
Car 0.00 1 -1.83 753.34 185.35 885.42 263.59 1.36 1.59 3.85 4.10 1.64 14.89 -1.57 1
Car 0.00 2 -1.78 719.83 169.31 816.44 238.11 1.72 1.79 3.94 4.26 1.66 20.20 -1.58 1
Car 0.00 2 -0.38 776.77 170.97 882.28 211.70 1.70 1.77 4.06 9.60 1.65 31.83 -0.09 1
Car 0.07 3 2.26 0.00 178.64 252.92 280.60 1.41 1.58 3.90 -7.94 1.52 12.04 1.69 1
Car 0.00 1 2.19 194.14 174.89 341.99 241.74 1.44 1.58 3.25 -8.06 1.50 17.23 1.75 1
Car 0.00 2 -1.56 603.49 171.71 639.30 204.36 1.52 1.67 3.61 0.55 1.49 35.67 -1.54 1
Car 0.00 2 1.90 287.85 175.62 379.41 228.84 1.45 1.47 3.52 -8.24 1.56 21.69 1.55 1
Car 0.38 3 2.23 0.00 170.48 111.64 240.66 1.53 1.53 3.45 -14.04 1.50 17.43 1.56 1
