Car -1 -1 -8.6108 1150.4227 182.4211 1241.0000 214.2292 1.4627 1.6032 3.9603 29.6414 1.9726 36.4417 -7.9324 0.8703
Car -1 -1 -8.0667 467.1464 175.1044 510.7516 204.7100 1.6101 1.6873 3.9326 -7.0794 1.7466 41.7062 -8.2342 0.8232
Car -1 -1 -2.4893 0.0000 154.1846 189.1926 316.5037 1.8162 1.7341 4.2360 -7.9778 1.6070 9.0563 -3.1970 0.7784
Car -1 -1 -7.0968 997.3246 189.4143 1241.0000 374.0000 1.4358 1.5523 3.8351 4.7217 1.5605 4.5836 -6.3289 0.7440
Car -1 -1 -5.7202 0.0000 168.0210 265.3752 280.5381 1.6721 1.5690 3.5850 -7.7334 1.6000 11.5377 -6.3003 0.6300
Car -1 -1 -2.3963 230.3096 175.2079 355.9735 223.5195 1.5166 1.5987 3.7714 -10.6439 1.5995 24.1571 -2.8076 0.4917
Car -1 -1 -2.8756 133.3429 158.3363 328.4665 242.3015 1.9236 1.7099 3.9383 -9.2205 1.5907 17.7713 -3.3484 0.4767
Car -1 -1 -7.7974 318.2295 171.8170 350.6715 202.8793 1.7954 1.6311 3.5427 -16.6578 1.7352 43.6400 -8.1603 0.4249
Car -1 -1 -5.9800 242.3850 177.0358 365.6399 218.0603 1.4689 1.5523 3.9614 -11.4089 1.6306 26.9881 -6.3768 0.3800
Car -1 -1 -2.7285 181.7464 174.8467 345.3859 230.0884 1.5139 1.5617 3.9317 -9.8792 1.5730 20.6702 -3.1697 0.3437
Car -1 -1 -7.8901 310.0677 172.8023 347.3038 207.6161 1.6617 1.6205 3.6854 -14.2875 1.6589 36.4527 -8.2615 0.3148
Car -1 -1 -7.2752 0.0000 189.0106 68.5683 374.0000 1.4580 1.5338 3.6787 -6.3333 1.6345 5.9317 -8.0708 0.3009
Car -1 -1 -5.0610 492.7446 175.3358 540.2568 201.8281 1.5648 1.6379 4.1227 -5.9444 1.7276 45.2376 -5.1913 0.2875
Car -1 -1 -7.9514 346.2306 169.1288 389.4384 209.3939 1.8210 1.6095 3.7472 -11.7189 1.6523 34.6713 -8.2753 0.2651
Car -1 -1 -3.9647 163.5407 170.1066 226.6343 200.0515 2.0137 1.6997 3.8003 -29.0355 1.8287 50.5648 -4.4839 0.2041
Car -1 -1 -6.1154 431.3782 176.8286 481.6012 194.7440 1.6561 1.7229 4.4093 -14.4705 2.0361 68.0739 -6.3244 0.1705
